# Simple format:
# (character): coordinate pairs | coordinate pairs | coordinate pairs
# Coordinate pairs are currently integers in [0,6],[0,9].
# # is obviously a comment.
A: 0,9 0,2 2,0 4,0 6,2 6,9 | 0,5 6,5
B: 0,0 4,0 6,2 6,3 4,5 6,7 6,8 5,9 0,9 0,0 | 0,5 4,5
C: 6,2 4,0 2,0 0,2 0,7 2,9 4,9 6,7
D: 0,0 4,0 6,2 6,7 4,9 0,9 0,0
E: 6,0 0,0 0,9 6,9 | 0,5 5,5
F: 6,0 0,0 0,9 | 0,5 5,5
G: 6,2 4,0 2,0 0,2 0,7 2,9 4,9 6,7 6,5 4,5
H: 0,0 0,9 | 6,0 6,9 | 0,5 6,5
I: 2,0 4,0 | 2,9 4,9 | 3,0 3,9
J: 4,0 6,0 6,7 4,9 2,9 0,7
K: 0,0 0,9 | 5,0 0,5 4,9
L: 0,0 0,9 6,9
M: 0,9 0,0 3,3 6,0 6,9
N: 0,9 0,0 6,6 | 6,0 6,9
O: 6,2 4,0 2,0 0,2 0,7 2,9 4,9 6,7 6,2
P: 0,9 0,0 4,0 6,2 6,3 4,5 0,5
Q: 6,2 4,0 2,0 0,2 0,7 2,9 4,9 6,7 6,2 | 4,7 6,9
R: 0,9 0,0 4,0 6,2 6,3 4,5 0,5 | 2,5 6,9
S: 6,0 2,0 0,2 0,3 2,5 4,5 6,7 6,8 5,9 0,9
T: 0,0 6,0 | 3,0 3,9
U: 0,0 0,7 2,9 4,9 6,7 6,0
V: 0,0 0,6 3,9 6,6 6,0
W: 0,0 0,7 2,9 3,8 4,9 6,7 6,0 | 3,5 3,8
X: 0,0 0,2 6,8 6,9 | 6,0 6,2 0,8 0,9
Y: 0,0 3,3 6,0 | 3,3 3,9
Z: 0,0 6,0 6,2 0,8 0,9 6,9
0: 6,2 4,0 2,0 0,2 0,7 2,9 4,9 6,7 6,2 | 2,4 4,6
1: 2,2 4,0 4,9
2: 0,2 2,0 4,0 6,2 6,3 0,9 6,9
3: 0,2 2,0 4,0 6,2 6,3 4,5 5,5 6,6 6,8 5,9 1,9 0,8 | 2,5 4,5
4: 0,0 0,5 6,5 | 6,0 6,9
5: 6,0 0,0 0,5 4,5 5,5 6,6 6,8 5,9 1,9 0,8
6: 6,2 4,0 2,0 0,2 0,8 1,9 5,9 6,8 6,6 5,5 0,5
7: 2,0 6,0 6,9
8: 4,5 6,3 6,2 4,0 2,0 0,2 0,3 2,5 5,5 6,6 6,8 5,9 1,9 0,8 0,6 1,5 2,5
9: 6,5 2,5 0,3 0,2 2,0 4,0 6,2 6,8 5,9 1,9 0,8
space:
-: 0,5 6,5
,: 2,7 0,9
.: 2,7 2,9
': 2,0 2,2
+: 0,5 4,5 | 2,3 2,7
(: 4,0 2,2 2,7 4,9
): 2,0 4,2 4,7 2,9
[: 5,0 0,0 0,9 5,9
]: 1,0 6,0 6,9 1,9
<: 4,0 0,4 4,8
>: 2,0 6,4 2,8
%: 6,2 0,8 | 1,2 1,4 | 5,6 5,8
\: 0,2 6,8
/: 6,2 0,8
colon: 2,6 2,8 | 2,1 2,3
;: 2,6 0,8 | 2,1 2,3
hash: 2,0 2,9 | 4,0 4,9 | 0,3 6,3 | 0,6 6,6
?: 0,2 2,0 4,0 6,2 6,3 3,6 | 3,7 3,9
": 2,0 2,2 | 4,0 4,2
!: 3,0 3,6 | 3,7 3,9
